527
386
701
240
941
27
396
56
456
148
160
229
438
829
130
386
913
869
700
93
334
329
776
882
590
991
119
721
88
59
723
118
746
698
507
585
722
372
59
969
909
355
73
601
324
656
546
318
836
755
133
373
123
479
284
801
824
412
388
609
129
914
918
510
490
995
779
813
238
145
644
506
566
41
758
828
129
852
775
283
452
241
203
753
847
817
137
163
466
498
114
31
49
644
152
36
866
262
662
811
325
545
995
634
551
27
610
464
586
255
516
12
481
209
732
913
715
228
755
293
441
732
343
995
71
316
973
775
841
138
644
729
760
993
898
600
272
376
530
867
216
795
665
116
588
636
606
143
517
387
924
709
509
429
340
338
290
594
885
567
824
713
634
484
836
170
77
936
672
960
57
428
765
663
397
380
134
373
233
873
25
571
355
893
958
721
145
589
296
428
51
521
562
748
712
754
978
583
512
118
488
432
345
116
679
802
885
890
438
299
680
973
530
512
191
41
998
807
240
309
633
890
739
218
941
837
635
263
168
141
964
669
179
489
287
391
461
117
417
719
470
344
864
540
772
396
245
535
604
758
239
741
575
298
40
585
379
519
186
886
777
723
538
113
738
704
484
849
485
19
579
378
571
496
370
394
115
248
874
773
482
266
771
136
109
425
434
826
349
103
204
649
94
860
569
266
642
64
864
102
491
626
809
772
884
148
598
874
210
160
467
318
687
992
752
501
826
227
775
896
436
563
648
706
490
301
153
599
213
716
687
266
610
989
960
150
236
234
352
800
712
822
656
721
259
523
521
33
885
414
27
534
177
503
286
338
383
568
566
751
750
838
714
92
135
341
213
628
587
661
842
131
952
115
582
101
543
266
534
459
616
303
816
100
98
679
63
505
13
906
126
12
936
1
734
928
615
133
866
625
479
859
610
949
793
627
904
241
328
480
303
543
588
917
520
104
348
626
979
350
154
325
581
124
843
218
296
912
658
858
935
125
381
347
859
94
989
967
830
742
417
670
388
871
609
884
310
667
41
729
80
8
652
510
247
137
821
42
583
52
423
346
946
590
21
584
597
733
199
104
147
948
856
225
827
86
833
454
382
493
907
619
807
81
359
539
940
170
363
729
762
348
91
337
265
933
175
492
167
273
287
765
939
811
446
716
790
115
974
203
458
636
56
175
56
293
8
591
2
9
58
926
67
233
625
345
825
128
437
735
471
366
36
642
338
429
978
720
298
760
159
313
993
363
739
1
127
909
593
49
686
825
175
873
613
148
934
148
704
799
125
442
434
239
75
351
381
993
344
276
703
793
423
16
361
814
133
116
989
733
501
884
61
831
393
507
813
745
624
573
547
224
659
993
478
660
121
816
781
479
941
906
244
890
414
485
825
186
575
318
63
156
201
884
875
593
726
161
915
279
604
854
519
713
458
900
293
827
331
762
724
290
757
382
467
254
803
71
939
352
24
598
551
263
873
29
741
507
821
143
384
22
517
646
435
798
832
259
876
710
797
814
919
438
795
221
161
506
580
826
859
697
411
956
194
504
241
530
841
903
298
834
133
574
252
17
353
290
332
620
954
327
843
653
944
501
556
514
419
957
640
319
445
592
740
240
851
474
158
865
576
704
268
928
599
617
214
835
527
256
918
269
221
212
285
838
630
994
202
543
741
695
779
355
16
831
387
6
43
497
198
376
868
356
693
141
100
369
113
498
744
86
479
180
948
213
67
793
544
456
259
816
163
459
880
85
470
55
114
135
749
299
623
816
897
852
175
457
496
116
332
189
690
128
874
153
300
173
821
97
11
521
163
899
797
900
238
660
224
850
229
671
89
421
116
121
173
336
313
478
540
250
103
699
371
813
714
861
11
2
467
730
709
616
914
432
600
630
379
507
962
858
742
616
230
437
549
971
739
927
791
748
659
375
331
351
876
279
676
418
443
600
245
677
582
191
560
215
103
750
2
204
420
686
899
6
282
972
820
408
119
456
715
533
357
225
716
166
891
905
489
455
555
912
386
428
223
168
833
663
60
192
765
11
881
541
869
712
764
495
262
542
862
40
55
439
369
578
767
535
545
569
350
874
803
840
248
747
441
376
516
207
392
571
718
934
991
113
912
557
122
269
439
933
97
920
158
728
522
718
326
940
608
996
713
983
294
726
650
960
435
886
992
39
772
141
50
566
132
940
465
173
90
124
281
449
345
27
233
253
193
611
172
722
472
818
102
413
18
210
7
475
706
323
594
355
666
460
182
111
665
279
941
857
663
200
785
907
303
484
679
424
172
347
15
835
841
586
672
789
53
581
872
911
483
710
209
678
720
368
641
721
373
64
672
642
832
201
950
460
702
475
43
669
566
488
582
716
381
299
960
119
300
313
923
13
366
578
387
409
877
148
334
754
741
160
149
701
482
888
898
986
126
831
403
72
130
359
713
866
149
550
947
255
456
338
106
894
876
977
124
216
925
863
658
698
825
627
421
543
245
371
945
292
213
582
479
707
61
293
249
540
71
438
20
860
494
220
360
166
267
758
581
779
216
941
362
631
894
707
165
251
647
757
709
64
151
214
41
445
508
724
494
90
936
474
23
773
912
600
681
966
514
178
219
335
323
431
873
507
670
521
314
266
942
236
580
730
142
288
484
247
58
684
502
576
669
149
829
479
340
25
56
374
8
311
59
161
510
687
767
799
174
730
553
176
945
200
382
33
447
524
843
934
861
407
544
141
577
527
138
993
600
422
35
639
262
704
441
385
526
828
48
651
689
371
737
115
957
525
611
452
802
38
545
341
2
671
561
249
188
46
794
14
681
823
742
843
272
578
907
170
469
230
435
183
521
179
168
277
87
610
242
869
688
804
480
239
911
53
55
666
951
424
816
478
34
423
735
958
619
484
330
769
808
401
219
576
241
110
340
227
986
261
902
475
190
506
210
749
231
495
592
805
759
384
480
180
215
137
839
697
678
772
702
477
760
438
823
443
622
204
530
933
951
829
23
851
964
512
205
817
649
239
14
358
572
521
57
427
511
190
174
780
904
336
581
219
913
827
166
567
558
692
146
110
458
431
373
859
134
963
344
209
797
259
734
711
989
966
887
482
131
363
450
634
311
734
74
740
329
131
995
601
857
975
99
377
243
461
814
184
41
928
902
305
721
488
718
2
394
679
432
184
741
404
502
382
551
854
963
792
598
960
587
724
998
769
662
63
597
704
540
494
479
565
262
852
995
434
402
112
250
217
736
596
422
901
781
296
950
673
729
503
478
233
678
826
756
891
217
290
452
886
334
471
198
514
586
466
567
925
108
774
300
49
701
991
230
520
322
795
977
832
436
954
169
313
129
765
543
515
793
984
866
385
269
509
668
310
298
18
340
482
918
51
612
577
861
368
121
691
673
312
441
54
928
409
892
60
824
44
274
379
190
775
738
788
443
212
439
765
485
50
702
98
996
595
770
979
564
132
537
260
218
405
682
186
204
391
105
344
519
569
603
92
465
638
339
517
206
570
431
316
355
637
859
433
868
816
584
350
803
732
418
917
116
70
920
237
723
269
652
213
615
540
766
327
118
407
822
767
831
630
306
627
811
352
768
503
6
688
926
95
564
768
482
247
841
817
612
402
766
971
313
787
511
448
916
806
868
68
73
871
905
514
694
641
377
134
445
663
151
716
950
739
854
780
864
714
729
398
253
817
124
312
23
442
78
742
696
441
334
425
295
101
621
318
55
177
143
656
125
469
381
394
359
549
745
237
464
596
197
857
219
839
365
724
54
847
84
165
518
867
309
36
858
345
76
122
592
643
213
772
223
514
887
700
917
772
163
279
165
211
973
965
519
115
849
354
655
179
870
516
387
398
382
377
236
188
918
539
994
358
853
759
561
317
439
234
648
759
20
154
275
514
615
84
468
946
352
752
271
329
73
486
349
511
945
908
293
308
793
324
784
718
505
351
811
43
85
456
405
848
133
24
383
645
843
487
308
933
793
725
565
397
88
10
673
786
470
186
824
646
897
438
747
384
677
833
128
428
141
601
629
847
266
685
808
928
834
250
498
688
288
310
59
472
973
287
943
369
405
615
156
38
331
444
273
99
776
38
414
499
541
184
715
895
206
911
476
934
89
191
773
196
596
352
915
893
717
875
211
597
382
315
138
429
196
104
398
278
547
807
971
283
538
270
960
191
809
380
544
919
947
272
721
559
587
75
500
632
916
109
108
956
35
726
190
683
250
593
965
719
205
90
657
404
817
245
259
139
505
403
140
955
511
61
734
80
310
314
454
686
2
198
911
180
148
959
534
45
876
640
127
986
411
854
127
445
267
938
45
541
591
606
253
534
253
933
936
115
536
108
723
640
317
874
704
725
678
786
673
754
142
129
335
967
758
260
7
79
699
980
343
826
595
413
895
948
502
529
730
743
896
893
549
706
374
77
188
911
848
904
510
973
443
529
189
12
303
14
52
416
956
196
420
427
819
966
208
248
774
169
716
305
451
18
198
501
328
305
39
268
856
134
222
792
875
228
898
825
977
154
342
920
164
277
679
805
949
466
826
812
851
995
60
453
432
913
447
502
172
413
158
590
901
683
254
958
88
242
684
96
683
599
964
993
620
268
376
14
891
59
623
433
414
792
299
449
523
721
801
208
116
953
754
927
98
466
363
941
746
292
86
94
902
256
2
378
563
361
459
21
263
832
483
265
758
382
891
677
660
466
36
915
773
776
747
370
230
47
378
546
534
623
798
694
125
236
218
652
628
855
321
40
707
502
926
146
596
380
934
447
95
881
129
299
794
686
282
623
218
704
490
385
846
267
607
440
889
179
458
787
559
893
306
194
481
304
325
820
690
15
798
382
865
987
730
25
974
759
386
372
808
869
126
500
542
651
210
354
1
914
137
340
246
713
607
496
479
472
96
37
531
742
427
210
717
3
195
298
843
218
254
429
48
681
505
775
660
840
227
801
208
432
126
65
492
140
522
359
881
140
597
739
751
573
932
679
772
480
639
227
135
860
154
54
865
211
102
929
896
984
550
914
589
947
231
908
27
596
451
506
93
210
202
548
246
81
335
202
60
907
79
827
632
844
347
820
37
795
920
282
772
27
877
564
769
397
57
885
995
307
348
201
321
391
347
977
738
63
943
131
190
895
188
157
34
316
569
9
418
549
826
177
523
142
959
44
430
491
911
959
630
593
185
204
814
65
660
555
827
924
296
881
221
821
713
827
214
657
739
988
783
527
601
382
902
984
971
453
795
640
861
872
841
953
756
735
143
53
618
297
10
623
14
985
672
95
247
754
269
480
729
155
377
596
871
898
167
269
849
243
23
282
606
244
61
880
833
200
607
628
95
213
141
703
751
108
184
452
654
629
10
826
795
756
726
972
187
260
436
26
197
19
435
756
484
366
373
922
452
155
461
621
77
444
424
614
776
351
68
828
842
986
41
794
867
763
332
632
67
290
331
195
801
570
192
468
642
952
961
113
492
937
553
158
753
596
687
964
175
996
277
530
658
9
255
829
796
552
978
210
687
434
217
3
430
420
587
828
338
65
317
872
999
898
40
976
457
898
752
334
544
229
88
404
234
396
880
611
932
544
332
485
367
944
737
861
652
813
744
894
833
683
36
430
634
365
656
904
934
572
614
936
114
412
642
227
807
459
562
347
114
235
272
186
71
617
637
568
742
683
75
822
756
393
694
711
463
529
456
418
674
43
759
555
896
713
585
705
355
185
25
151
883
565
267
721
550
750
512
414
458
935
775
506
953
108
121
462
398
352
552
273
293
853
142
468
638
906
327
63
957
275
339
785
354
371
493
938
458
957
9
660
569
483
377
25
191
832
339
430
939
898
3
513
163
668
445
359
381
988
289
249
83
631
295
629
365
589
952
682
540
137
967
644
888
919
297
195
557
195
954
57
350
846
470
922
275
5
159
714
695
567
656
54
553
907
459
142
969
228
355
783
87
405
407
475
881
198
732
876
85
507
599
688
673
862
612
19
290
884
400
874
831
378
729
712
912
461
305
312
912
135
218
627
257
378
271
489
423
517
935
487
785
424
374
122
866
779
528
589
567
986
652
4
811
69
3
30
99
506
104
937
77
756
302
200
94
449
899
675
202
372
611
581
937
89
920
319
1
1
440
71
604
121
630
789
371
346
736
405
457
791
793
567
330
974
810
23
332
544
798
299
752
957
312
20
756
128
433
408
693
32
873
394
991
172
605
612
854
928
270
630
242
665
32
600
836
949
393
540
409
171
530
759
694
480
306
774
231
369
495
280
294
613
238
407
985
943
545
40
643
346
258
495
20
591
630
608
30
971
970
639
203
929
478
600
205
617
968
885
182
190
209
446
330
3
331
849
42
228
798
500
663
276
34
602
843
744
599
276
196
246
232
729
285
623
498
718
81
227
120
149
971
241
906
168
928
583
432
745
674
648
996
964
137
841
906
958
571
93
911
946
849
209
571
901
154
269
5
964
642
655
127
689
11
21
975
630
720
207
559
505
303
20
382
890
267
849
200
521
862
284
370
298
671
522
427
592
588
26
150
762
160
64
212
836
307
12
20
240
783
693
725
444
801
817
407
932
57
404
394
69
655
208
688
2
419
732
561
280
143
279
34
591
694
523
7
132
764
768
241
509
382
589
959
411
167
740
948
88
895
59
195
692
645
329
439
263
400
250
927
528
699
672
294
538
633
542
82
814
712
942
762
216
695
768
785
719
783
599
194
690
770
146
31
497
18
211
602
918
775
866
523
504
249
655
491
294
136
180
107
428
591
131
461
41
746
732
544
952
300
147
460
824
990
877
98
717
894
371
212
319
989
640
855
184
711
124
100
363
107
208
991
937
844
475
927
372
224
750
411
197
961
401
381
123
461
7
747
832
982
718
197
564
871
329
193
347
438
481
62
806
452
536
33
158
118
296
593
389
847
810
180
82
768
836
318
681
887
194
276
446
248
875
216
799
250
290
852
344
695
5
969
117
990
183
514
108
458
87
240
194
911
417
171
338
458
387
271
522
401
894
507
230
692
532
166
874
566
364
480
241
653
606
930
376
879
682
137
730
550
668
687
397
260
598
432
897
409
746
771
326
864
362
640
403
520
127
3
874
957
628
207
65
711
945
564
596
154
622
153
177
41
145
155
188
903
385
676
988
515
720
926
98
930
779
860
669
309
316
631
488
295
793
757
70
675
938
387
436
55
866
363
390
256
435
375
417
61
982
949
137
322
573
670
464
593
581
166
767
53
399
891
712
41
938
600
165
450
479
513
658
565
586
704
272
851
111
350
928
152
657
965
509
961
873
92
406
161
655
270
917
539
729
642
336
407
955
188
692
800
185
308
814
935
921
735
190
120
792
97
84
300
599
882
503
951
960
930
761
496
966
382
800
496
458
277
336
210
266
522
176
102
735
731
635
838
671
533
990
755
289
186
450
408
743
365
194
425
910
745
514
622
337
492
686
735
70
8
41
501
327
98
784
828
640
660
154
392
761
146
47
369
775
673
776
667
732
542
113
246
768
604
979
719
337
887
301
701
52
326
955
613
274
947
204
685
448
935
760
966
212
444
337
434
952
266
864
818
178
331
769
648
656
616
700
751
244
718
827
178
472
711
763
498
850
408
451
752
811
473
206
56
422
276
778
953
584
117
570
577
768
41
395
653
718
49
992
450
13
7
782
481
488
551
146
107
711
116
734
65
901
877
75
756
843
975
491
414
982
432
713
854
193
248
982
84
660
15
358
142
455
66
697
210
90
126
90
29
595
816
426
215
172
228
312
956
115
822
78
326
567
830
498
468
208
436
703
778
92
628
64
91
732
489
338
157
616
552
555
726
852
381
342
670
717
244
399
90
508
750
949
818
653
290
188
161
112
465
963
336
995
520
402
66
586
536
167
832
978
186
631
47
926
21
274
193
90
782
774
864
128
627
228
124
646
444
426
769
118
143
499
418
113
288
875
105
94
464
234
854
506
912
947
649
957
818
900
622
250
71
481
508
264
894
656
825
966
157
468
229
320
911
955
707
870
832
352
797
693
23
371
804
455
350
420
590
938
279
374
587
405
895
523
839
40
573
381
720
81
802
679
589
762
311
299
304
359
674
756
806
758
160
51
547
404
294
106
775
268
315
505
930
536
310
76
437
42
78
923
4
204
904
683
203
771
16
865
15
345
740
945
496
435
64
410
497
160
708
71
272
291
974
662
152
242
66
82
80
917
175
973
328
892
227
387
598
925
451
819
546
346
11
55
454
876
795
612
45
478
430
893
621
207
706
673
380
777
509
213
865
57
437
556
918
492
447
173
46
998
633
206
415
240
400
909
429
868
610
289
147
506
432
742
300
667
308
611
900
788
7
482
826
841
37
746
353
810
557
451
768
803
744
231
400
7
847
555
482
712
394
365
106
861
486
151
673
611
601
179
212
856
27
15
792
915
71
675
877
493
294
778
208
608
180
707
109
637
142
473
236
202
699
279
774
508
928
117
477
726
33
294
852
605
694
536
412
157
109
246
495
615
865
134
982
81
611
322
987
658
331
967
908
411
407
729
295
350
42
729
651
208
442
938
828
565
498
8
836
182
535
751
985
600
109
876
443
842
77
690
437
74
163
353
576
29
25
507
776
193
413
287
435
174
554
362
934
321
934
727
645
888
328
547
446
655
534
724
697
874
13
575
950
426
562
744
607
48
932
717
793
114
889
476
613
411
469
163
524
406
517
419
485
402
343
407
780
657
816
337
611
414
567
145
302
662
971
509
570
663
909
908
384
125
466
231
332
513
654
220
708
225
893
727
951
552
79
955
923
867
611
991
932
255
733
117
56
726
381
711
713
134
259
309
528
86
322
589
87
55
664
762
364
554
344
333
637
536
485
255
225
678
345
514
816
137
927
387
64
331
131
773
202
147
145
276
509
425
611
533
192
601
501
193
1
274
171
709
689
88
974
589
292
644
403
618
68
73
413
1
459
356
925
665
525
591
100
646
229
961
775
567
949
638
490
382
985
458
944
729
233
513
727
988
442
898
415
556
474
355
834
802
850
525
524
872
122
409
700
262
980
256
640
941
926
992
30
797
21
982
15
530
32
418
957
241
603
370
297
560
49
830
894
218
901
467
151
973
384
103
689
967
868
426
57
383
717
819
201
739
995
288
974
864
415
929
590
54
378
317
312
909
332
861
238
406
256
595
778
793
518
374
994
56
526
86
222
138
649
360
759
678
856
505
69
816
887
588
955
731
474
711
789
406
610
5
167
611
579
362
512
339
743
757
99
347
993
705
875
719
45
162
473
112
801
872
647
707
311
368
837
457
233
781
301
989
395
122
260
724
973
525
38
539
550
275
298
753
693
452
496
970
822
46
365
529
543
738
325
945
293
602
30
216
733
813
988
751
858
307
887
82
599
383
945
581
193
33
141
612
207
92
222
103
828
359
927
458
814
946
119
900
377
164
185
294
629
849
90
52
626
366
313
782
979
517
886
752
141
367
764
985
708
450
250
709
557
661
938
7
406
40
937
267
538
9
859
796
800
955
104
786
780
428
278
320
887
254
133
372
147
448
206
135
216
65
626
18
421
7
71
800
683
856
495
48
970
558
624
76
177
8
303
735
978
631
431
612
396
909
584
432
229
997
587
573
708
289
99
39
363
216
470
792
602
762
786
392
852
246
311
484
675
882
625
443
408
306
771
836
131
328
800
221
672
149
335
912
616
778
699
517
481
6
597
455
317
429
623
81
131
678
887
143
258
547
640
802
285
554
362
494
608
159
125
982
727
546
256
809
903
915
805
750
139
6
644
80
713
492
255
245
621
532
535
392
399
191
448
183
556
359
808
119
524
879
133
62
295
232
794
509
727
236
689
152
609
980
565
49
752
691
1000
757
509
537
316
721
899
525
30
408
817
275
427
922
435
961
895
94
714
576
931
537
359
154
86
801
488
528
10
868
22
148
147
513
750
132
933
972
474
306
915
730
84
660
273
259
37
385
371
738
387
864
277
612
802
410
131
313
83
56
580
564
88
410
187
680
421
173
956
545
984
264
804
6
147
970
808
222
605
720
886
293
413
307
337
531
896
851
782
320
446
418
333
664
335
43
622
325
569
86
671
832
859
283
810
653
107
354
669
250
729
264
276
420
536
391
690
139
708
720
133
388
165
940
438
122
780
56
128
772
102
406
501
822
93
694
426
286
368
723
203
146
24
546
855
227
180
331
972
741
139
162
316
59
699
228
716
769
939
223
68
721
438
825
600
509
737
691
228
993
654
197
536
54
740
580
719
114
573
562
906
453
927
149
715
987
349
345
13
473
29
386
708
676
228
506
600
937
857
601
699
499
515
530
200
406
953
750
540
380
367
772
361
946
991
114
165
658
338
792
609
134
564
18
998
222
265
870
191
81
2
147
452
484
289
858
277
767
149
167
75
428
570
524
831
155
871
1
207
877
175
440
598
884
106
23
211
719
331
423
570
784
730
410
865
749
756
376
438
832
337
778
511
742
184
558
331
933
46
258
663
400
284
170
818
14
954
711
58
634
374
134
650
765
445
248
289
893
367
631
701
959
131
133
857
838
874
44
594
399
308
157
930
22
279
803
774
980
785
823
673
115
353
379
435
640
596
403
732
707
127
455
777
785
289
603
447
864
865
737
790
222
503
945
58
310
201
271
637
697
954
200
470
679
563
849
782
992
808
648
235
43
63
45
306
57
205
895
646
967
912
969
814
859
71
889
287
466
352
448
83
579
440
778
184
673
712
835
603
880
975
71
811
828
722
757
875
859
258
503
501
954
312
499
720
433
739
115
565
526
246
401
105
447
488
216
705
750
249
490
369
866
336
472
697
295
31
351
763
32
192
456
743
515
44
892
349
54
555
943
778
386
949
656
93
68
44
847
95
231
397
527
289
805
153
466
8
209
241
76
883
335
979
79
823
184
462
56
968
418
268
166
753
523
269
674
933
964
334
130
426
752
937
758
401
214
966
372
629
132
651
13
682
171
557
614
383
55
721
248
617
69
780
304
757
482
102
411
699
23
466
338
330
326
845
32
251
597
609
534
354
217
672
86
56
821
746
712
681
845
637
499
903
246
345
711
847
365
651
252
626
334
335
484
668
182
730
108
926
317
456
581
904
181
16
208
402
799
562
524
538
52
546
947
29
735
646
5
861
292
140
357
183
24
973
868
179
920
605
21
556
180
400
593
887
952
380
991
545
707
33
488
761
716
524
265
398
41
691
951
446
802
889
246
171
286
184
985
426
205
223
180
495
460
715
167
107
934
113
638
636
17
491
402
564
833
79
861
501
918
287
271
902
715
645
302
804
381
282
419
515
153
355
467
552
472
625
884
378
588
872
433
191
647
837
30
969
725
204
169
327
698
370
406
399
155
911
351
789
854
263
194
575
315
744
925
918
597
772
277
318
498
475
784
295
747
944
617
474
649
25
78
690
408
485
490
636
813
385
995
807
579
406
157
967
927
363
398
452
309
158
210
837
469
688
763
334
936
196
609
662
962
849
992
312
285
30
299
469
695
649
595
818
938
253
442
833
209
626
274
140
653
842
713
491
295
358
59
171
736
363
41
445
777
735
90
176
422
267
515
138
194
960
497
16
477
476
827
613
402
378
624
415
816
741
140
537
973
321
634
41
932
875
53
117
767
715
671
272
607
946
67
736
599
748
309
633
147
1
335
472
700
515
688
692
813
551
856
207
895
630
984
959
537
961
613
214
155
313
64
131
946
696
725
436
266
592
678
823
274
177
974
994
297
190
556
125
583
41
870
441
901
213
69
587
836
478
902
574
339
582
847
644
252
769
196
795
458
377
71
137
978
175
376
194
347
889
735
104
891
642
659
896
790
224
709
940
916
329
986
845
103
119
411
713
502
647
75
524
674
858
177
332
59
862
567
995
98
417
164
741
120
319
236
130
89
412
135
757
99
62
109
53
194
746
729
422
355
257
148
391
490
221
976
267
760
189
74
730
78
37
788
296
712
77
520
797
165
159
957
41
4
656
853
174
851
132
57
656
615
938
342
485
951
882
412
820
501
74
342
181
51
200
354
989
86
953
308
609
912
77
31
292
335
830
738
467
521
601
84
789
239
857
536
155
282
14
233
632
357
748
594
739
797
17
876
456
1
216
77
919
950
766
38
47
335
17
680
999
638
950
35
442
378
213
553
589
825
570
663
79
503
447
776
205
200
717
234
66
182
82
510
642
468
889
341
365
98
636
937
538
786
73
890
632
193
783
451
867
299
768
948
312
705
428
252
339
850
322
591
864
852
621
552
583
797
571
324
596
584
607
876
931
376
239
577
432
278
261
305
894
832
877
475
975
426
348
987
713
620
795
26
826
543
515
720
355
771
312
302
635
358
957
255
487
716
357
747
319
169
349
277
870
113
9
768
811
33
894
563
776
972
369
469
831
447
778
594
434
94
470
93
808
178
952
704
135
640
163
375
228
814
251
614
90
124
175
638
166
927
515
702
581
854
508
939
896
299
118
570
610
860
348
748
402
502
297
122
780
890
899
118
376
598
967
147
807
807
439
497
99
692
663
504
405
881
713
921
909
85
916
637
951
120
806
619
650
801
407
969
432
972
687
748
806
50
299
926
879
731
988
102
143
820
172
159
980
802
732
323
573
915
473
6
179
83
76
906
112
123
666
45
56
759
684
228
971
352
728
477
636
600
723
484
679
455
705
781
706
454
192
244
569
696
520
83
873
748
250
428
737
771
584
65
48
617
153
947
703
820
672
42
763
663
933
280
44
860
483
790
585
781
680
200
487
865
497
706
630
626
202
326
340
853
568
582
486
588
753
646
303
660
93
98
123
506
749
920
333
813
233
492
714
62
17
879
150
335
293
672
528
940
294
443
980
886
502
381
977
600
764
433
887
88
692
441
795
709
302
26
495
160
458
334
641
634
142
564
76
357
677
193
905
659
196
321
683
734
894
290
504
362
524
806
875
327
211
513
458
855
487
362
918
214
732
282
139
806
274
824
630
529
751
391
102
499
559
89
77
608
908
969
447
590
280
371
638
817
449
78
659
846
422
795
692
641
926
97
218
243
8
483
773
932
981
586
290
972
281
739
841
311
826
117
686
651
653
1
615
538
436
858
99
478
209
260
125
589
83
208
998
499
859
1
406
502
964
932
629
935
426
984
524
810
956
530
708
539
744
902
985
487
604
172
823
350
25
350
791
193
187
271
423
749
84
907
53
692
160
755
176
135
206
782
636
479
864
44
288
241
948
36
281
306
344
374
346
804
999
92
406
794
213
532
174
93
306
353
966
357
88
124
893
445
927
246
167
888
491
498
126
382
162
384
991
787
398
14
810
88
488
737
709
961
153
375
838
465
393
716
914
529
161
8
341
341
802
627
140
746
620
768
171
590
660
638
904
130
661
94
587
848
839
975
740
70
880
399
679
947
15
461
721
685
483
791
542
173
405
944
798
522
108
399
3
200
811
776
648
355
886
64
691
838
412
246
995
916
136
812
328
892
30
906
630
567
505
810
96
192
143
995
520
228
493
132
679
357
45
160
879
813
639
577
533
810
483
515
708
796
182
406
540
573
617
121
855
330
764
855
207
961
254
345
727
562
13
856
658
464
808
878
597
33
945
870
110
750
348
236
393
337
559
404
146
556
440
177
21
611
717
273
287
634
324
522
380
76
746
147
332
176
43
261
604
184
899
824
963
388
137
994
620
145
481
42
426
414
47
19
348
529
862
363
482
652
362
531
442
951
15
319
719
340
684
638
905
456
711
756
972
742
342
312
708
637
464
755
134
170
918
18
738
754
232
754
727
594
837
269
769
951
3
443
698
482
104
985
816
35
686
897
719
462
721
227
127
593
387
575
756
997
847
900
103
326
217
96
92
341
388
246
730
673
643
294
19
9
407
170
783
337
135
470
330
468
108
984
553
577
584
961
85
208
11
354
111
934
801
110
828
533
611
5
94
738
448
139
996
127
448
622
929
872
969
165
91
950
189
932
604
440
201
881
241
66
593
871
483
917
181
58
104
270
535
788
691
349
22
461
719
594
630
30
10
402
590
425
454
940
905
753
332
735
747
914
228
541
359
678
319
970
827
684
606
746
922
13
193
728
544
105
746
767
3
484
46
195
46
330
89
107
223
705
406
350
254
627
362
837
727
728
557
838
13
482
695
423
727
795
388
597
75
845
310
92
453
860
629
535
426
735
560
779
84
837
237
442
952
57
213
706
191
688
315
881
637
637
253
326
329
1000
905
138
618
303
696
524
815
23
563
879
413
909
329
139
23
427
696
609
521
643
551
25
408
897
72
961
76
571
792
281
649
858
973
779
700
20
604
360
258
452
277
325
526
727
606
564
320
324
874
64
559
250
407
722
135
74
110
952
129
859
168
497
936
95
904
218
786
907
479
717
401
463
504
380
245
596
449
13
428
264
953
648
899
423
775
546
507
250
495
354
928
885
750
604
609
720
847
965
192
411
412
520
313
460
563
794
810
648
506
645
803
190
277
64
941
757
248
29
229
635
409
997
121
968
437
402
699
165
244
518
941
760
996
180
583
23
803
747
259
200
641
845
961
254
461
124
969
860
228
306
418
452
83
729
1000
526
277
469
639
83
500
538
773
840
694
517
571
991
64
499
220
506
780
150
349
548
532
511
883
397
395
30
378
785
169
182
281
117
571
100
882
17
274
952
144
688
104
861
159
4
800
702
8
427
287
919
697
311
767
560
959
537
804
628
262
667
507
994
941
622
956
851
130
444
475
611
597
127
424
665
31
216
39
635
756
788
18
498
807
246
559
184
598
766
442
193
81
254
42
442
447
387
196
773
69
585
782
600
412
435
93
556
141
473
701
626
358
600
245
764
194
185
844
666
623
937
436
624
111
618
7
46
82
996
129
863
916
338
682
542
714
172
323
932
366
603
700
112
542
791
344
887
933
922
654
53
324
199
199
572
405
376
932
867
767
412
930
62
373
376
602
456
312
353
360
698
844
324
733
534
969
108
344
957
662
228
237
974
255
526
821
102
157
983
855
492
417
978
288
670
751
609
112
796
465
620
6
93
994
633
368
267
373
380
307
673
347
246
166
846
533
379
483
417
901
967
646
43
611
792
29
346
325
215
459
766
97
497
323
722
907
957
753
459
954
682
446
74
451
444
822
539
84
483
422
633
148
418
308
460
739
787
511
956
818
371
92
191
875
681
300
743
91
822
107
777
933
929
229
245
32
895
711
613
958
925
30
343
831
485
71
770
863
199
336
421
336
829
63
929
319
582
752
397
949
952
342
829
882
98
55
467
262
425
141
44
61
642
290
901
173
574
81
438
836
989
225
801
925
621
276
903
61
759
763
238
229
272
722
656
976
329
847
284
164
474
4
904
199
78
472
909
407
299
98
990
664
238
103
426
701
204
950
902
905
823
413
662
272
10
336
390
579
349
823
788
845
77
183
547
816
355
62
227
539
758
813
880
324
526
968
363
297
100
794
663
968
994
807
211
62
825
802
389
529
690
451
960
133
746
895
306
335
160
588
533
50
426
659
771
158
134
555
59
668
82
817
205
303
196
671
835
705
635
501
82
486
646
479
250
279
911
573
470
810
72
272
178
509
623
717
606
182
310
563
173
956
188
808
780
454
746
403
758
148
742
279
572
750
431
608
628
857
334
70
190
346
217
817
188
558
834
642
642
821
665
896
881
749
996
463
755
607
325
81
844
951
497
968
563
673
374
10
287
366
511
616
858
381
295
157
889
61
306
803
611
261
531
800
934
9
521
120
571
421
197
510
230
732
141
316
316
160
211
880
831
210
121
605
382
103
827
35
72
167
890
31
993
199
129
929
64
415
650
477
624
157
474
317
211
998
978
747
769
404
299
885
159
714
213
964
689
225
773
745
316
331
683
922
955
676
378
527
33
967
448
215
917
47
545
647
837
850
510
335
175
468
915
695
450
381
432
682
819
118
225
493
472
539
929
683
254
575
892
324
214
600
531
47
1000
683
460
821
691
106
44
997
850
364
133
200
46
788
346
767
938
575
811
427
557
980
411
616
252
143
527
412
205
715
800
459
836
550
987
722
259
752
180
490
774
226
920
547
525
914
390
764
809
366
488
119
376
884
910
898
538
146
868
490
667
208
348
242
412
295
569
870
596
811
927
128
406
315
329
671
307
4
978
705
162
724
295
270
224
652
978
527
372
117
501
685
328
98
403
960
537
12
26
913
250
157
983
4
89
24
367
792
183
135
883
417
118
54
17
322
175
977
89
286
184
343
886
722
580
342
192
620
259
817
751
920
950
852
729
695
287
43
212
320
2
538
444
827
430
641
434
5
387
726
283
935
34
555
734
824
654
267
458
284
700
590
895
775
719
363
688
292
735
867
450
100
629
937
787
256
997
724
455
882
371
820
356
38
532
102
94
630
728
887
437
715
82
303
914
841
304
236
150
150
402
567
339
422
860
880
441
307
896
419
819
48
552
420
821
840
466
681
1000
361
966
552
710
928
871
727
751
425
267
370
651
313
586
943
807
933
973
866
502
572
624
625
545
139
899
341
577
769
140
765
612
991
266
53
37
895
492
956
890
711
181
181
889
495
413
468
994
452
592
178
699
128
404
634
29
213
731
124
939
681
915
445
466
220
869
369
399
965
72
45
98
422
238
547
592
566
419
983
773
705
291
672
289
832
502
360
723
620
548
532
313
678
627
31
869
221
91
396
602
286
685
692
387
817
42
728
94
498
433
589
987
505
944
79
228
934
343
488
835
689
654
593
963
839
422
913
758
195
935
755
725
906
93
921
525
609
107
900
672
378
639
472
217
769
354
756
901
914
63
161
206
407
465
875
824
616
807
390
262
916
157
699
897
257
261
322
827
760
826
560
296
8
225
676
348
598
649
328
668
802
980
987
695
177
807
493
503
459
544
857
61
602
152
143
724
825
925
201
136
249
952
980
487
692
747
585
287
639
964
208
917
119
521
480
187
11
459
565
639
61
958
320
279
802
637
507
618
475
736
973
411
391
52
141
179
902
976
444
452
272
401
58
722
175
171
21
882
153
17
642
283
337
434
544
826
491
889
398
101
823
881
791
132
134
888
936
994
88
926
393
719
173
707
811
752
837
333
797
31
36
642
232
723
892
618
913
979
915
911
833
997
347
404
2
383
7
142
651
728
32
944
485
623
792
702
149
920
926
787
447
813
781
204
724
679
519
9
580
748
191
144
693
378
310
532
376
163
416
247
803
786
999
940
409
84
504
26
437
844
459
208
383
506
538
138
506
395
948
532
633
389
437
306
378
230
815
630
304
283
234
151
384
467
487
416
949
950
785
406
946
247
40
257
919
225
280
757
763
618
8
543
13
678
355
663
616
770
748
122
171
717
773
953
673
272
14
847
554
207
975
489
498
383
465
892
16
672
541
648
424
107
222
623
256
771
350
956
979
177
900
761
128
448
680
611
426
573
567
276
995
62
892
901
967
256
431
726
71
936
361
87
455
836
465
86
364
47
717
720
648
66
758
933
993
493
425
52
680
991
945
224
111
984
706
931
854
986
794
21
250
50
165
894
892
980
838
675
378
948
283
735
679
516
347
255
440
641
674
189
594
308
261
77
400
661
330
250
715
35
745
124
504
302
840
922
952
495
230
227
17
175
826
934
769
123
426
493
463
988
381
397
249
731
963
589
667
586
321
999
955
615
807
379
15
145
580
449
80
136
828
159
854
640
985
751
832
912
355
925
506
607
108
589
725
904
290
581
361
19
162
102
115
602
668
144
169
87
544
429
820
941
880
437
371
880
171
917
383
782
276
118
55
39
230
227
369
553
497
105
403
751
391
57
135
720
79
285
557
362
581
171
445
344
834
718
690
742
558
494
680
297
929
369
930
112
756
3
407
273
608
961
154
509
401
810
494
823
941
255
13
908
529
868
301
218
466
465
681
954
280
900
278
384
226
538
646
985
781
432
437
634
457
981
333
552
325
356
957
702
651
72
327
684
790
271
119
812
309
682
771
577
719
399
958
776
881
426
808
415
22
464
673
123
105
607
183
597
828
156
950
139
603
679
449
922
851
409
587
410
154
493
767
401
502
451
784
95
456
441
748
51
417
62
233
893
922
479
643
496
437
796
135
64
127
569
190
149
518
186
419
618
53
236
714
503
539
448
562
214
227
950
975
319
876
588
979
522
371
910
419
677
387
90
937
52
827
346
447
580
817
407
93
41
120
33
106
962
482
899
602
272
492
467
313
715
117
997
709
243
73
854
284
368
179
671
61
380
804
23
264
254
593
428
432
881
465
75
514
970
385
668
81
868
358
381
557
31
460
110
424
151
139
277
238
544
734
570
18
312
255
380
77
207
640
268
678
808
781
198
555
623
74
974
835
927
737
524
390
932
158
678
991
857
682
415
867
677
293
510
675
498
358
943
163
452
669
409
153
298
89
454
28
893
850
199
831
750
851
580
483
363
759
878
841
119
75
442
492
165
639
341
714
945
900
590
66
903
910
679
441
477
701
685
625
89
975
584
852
135
184
478
392
300
689
345
245
526
374
496
68
758
984
731
255
456
898
972
244
266
222
707
679
340
600
492
863
329
579
956
884
466
255
406
766
559
285
264
499
873
538
735
317
832
174
364
749
704
124
574
547
777
477
775
338
369
768
390
265
322
923
584
544
28
133
281
60
199
562
48
552
353
984
225
952
628
358
973
742
607
369
624
930
477
365
339
956
431
66
975
38
529
296
63
527
97
49
415
238
524
240
732
587
631
861
679
656
127
655
917
707
226
835
864
226
460
415
906
384
552
6
561
611
602
338
892
823
295
685
537
719
168
64
898
252
813
583
331
96
425
237
931
161
941
555
968
940
218
223
416
769
939
304
581
110
807
766
125
294
882
708
814
350
452
934
194
806
435
248
771
335
861
674
397
659
671
305
670
275
511
860
211
742
301
547
496
161
405
202
662
140
283
610
975
419
59
707
118
820
315
43
42
176
244
597
478
789
425
51
463
992
682
463
617
727
404
947
994
597
681
898
355
984
359
755
640
354
512
90
72
196
514
192
521
311
802
731
235
203
991
786
843
222
258
40
400
895
592
40
577
212
864
168
162
580
628
743
480
180
384
94
684
209
414
396
625
909
863
47
762
544
11
661
633
644
68
646
798
151
366
210
84
707
465
287
493
918
312
40
382
236
69
518
15
142
143
421
411
739
645
44
896
833
123
190
670
551
807
960
948
426
334
403
519
827
817
284
297
255
700
102
660
36
787
344
150
995
296
11
657
382
986
781
116
713
307
217
578
809
59
516
915
654
978
300
339
145
555
861
575
12
628
361
335
239
435
611
253
665
661
442
447
288
388
664
313
346
641
337
192
936
114
436
833
653
148
68
698
694
84
114
53
327
588
511
429
88
977
88
35
996
634
755
19
936
980
636
305
265
864
86
786
636
873
726
44
859
835
869
771
397
292
638
906
503
548
227
322
160
684
492
775
180
220
685
340
635
144
514
586
241
526
717
209
201
24
605
255
412
573
129
157
953
105
991
822
885
426
916
776
683
597
8
73
889
281
38
584
667
625
598
359
696
122
948
457
9
471
654
546
728
397
67
269
233
853
143
302
893
178
314
101
323
373
302
999
95
374
40
650
18
269
608
805
643
519
805
983
11
637
889
802
181
934
498
609
864
698
61
183
139
604
26
515
734
792
977
349
720
191
107
93
37
349
360
962
869
637
771
727
930
677
900
673
789
976
136
914
574
118
402
570
848
717
814
889
765
500
162
621
311
288
106
199
172
42
170
873
701
87
776
254
61
202
262
331
458
981
219
16
889
531
307
277
910
196
251
922
440
867
766
762
367
488
827
468
863
986
453
214
317
901
730
340
553
997
769
562
917
114
716
236
992
882
713
354
60
349
971
88
318
681
69
992
717
449
115
81
14
757
809
707
320
173
636
357
110
497
720
159
214
31
168
545
861
698
23
713
492
823
858
890
392
661
551
217
908
730
644
454
319
563
825
243
238
270
698
927
568
374
317
292
409
518
683
142
943
128
922
637
183
375
308
612
928
738
664
258
876
831
627
377
239
999
801
512
875
585
228
556
673
400
640
327
838
255
376
31
177
481
371
726
703
887
748
725
398
843
965
847
347
408
896
653
838
613
655
408
906
740
126
705
269
753
326
727
890
98
430
251
327
528
999
15
764
619
48
809
685
829
119
525
268
822
467
506
826
737
972
818
724
157
930
638
772
487
558
81
75
966
228
190
929
890
883
277
151
922
12
710
486
351
601
281
239
789
181
870
67
103
339
987
801
298
150
867
817
878
471
414
21
951
326
138
683
757
308
812
300
89
530
906
2
156
803
89
992
853
10
303
629
948
83
738
983
393
508
434
105
226
394
180
881
710
853
337
790
642
299
646
413
777
57
85
375
726
771
684
475
38
37
768
620
489
745
387
925
244
737
993
284
556
586
678
122
202
225
84
448
574
45
62
938
786
192
985
964
473
346
932
900
554
983
450
383
725
648
422
464
618
638
224
848
552
216
344
365
225
117
26
868
336
358
129
984
163
260
675
816
499
194
634
41
699
521
659
190
9
48
720
82
919
714
643
493
450
960
661
794
166
619
790
369
680
41
636
107
530
411
31
279
226
35
115
986
260
746
147
219
950
738
61
210
223
180
34
200
653
170
789
7
493
169
509
845
328
447
714
367
41
57
454
739
702
485
285
186
144
391
565
783
310
201
989
38
513
940
812
617
188
438
333
606
99
930
255
866
41
493
534
211
694
129
464
904
980
130
868
475
544
183
1000
545
279
768
707
270
507
833
432
407
37
746
950
8
856
237
769
476
536
831
8
121
650
961
562
100
832
182
961
310
837
319
567
590
85
341
946
450
775
434
362
278
205
58
849
234
974
464
886
186
915
681
958
256
547
281
295
703
658
119
212
136
883
102
302
788
666
580
612
121
505
220
619
721
908
311
192
791
938
765
913
31
695
294
107
1000
374
320
304
284
951
129
894
709
678
521
707
280
192
108
454
902
699
736
718
371
333
900
691
983
233
988
582
830
239
240
456
222
367
417
914
235
100
880
349
426
965
103
720
324
806
784
872
108
311
409
982
516
68
860
214
784
740
408
145
722
329
51
296
824
201
569
655
29
563
863
401
963
331
744
487
462
799
978
732
399
823
923
955
655
561
822
518
354
488
637
964
44
265
464
919
866
499
398
20
788
24
336
831
882
306
963
592
967
948
269
439
90
575
278
775
766
416
126
551
938
17
59
876
901
662
240
45
500
368
438
406
944
658
81
793
175
828
928
19
722
515
282
50
665
964
341
240
609
903
960
772
203
874
753
625
525
359
520
51
211
834
133
882
16
971
892
239
818
961
46
845
238
805
821
472
988
66
491
57
464
436
510
39
735
943
989
821
270
180
388
426
998
267
43
638
397
181
693
98
99
792
489
593
466
610
729
276
565
353
975
857
439
662
434
67
830
668
591
469
923
936
94
100
870
990
109
508
718
621
979
220
839
531
386
899
46
780
307
536
9
437
622
3
429
144
189
727
643
878
304
285
472
657
14
212
179
767
79
477
910
749
169
47
405
584
865
894
173
295
399
826
906
333
956
186
309
196
497
198
869
372
69
898
839
438
750
231
647
611
710
368
869
450
549
667
839
955
278
587
969
200
972
439
218
874
94
44
326
947
437
481
458
935
903
177
550
543
202
555
131
689
756
368
624
748
915
92
378
209
822
371
538
687
971
305
633
670
786
772
919
396
331
684
202
543
743
50
709
56
700
866
590
674
346
327
974
962
17
3
103
829
348
476
914
824
895
808
996
740
623
214
820
418
619
352
850
726
656
694
9
662
715
175
303
565
116
725
624
658
729
306
722
61
348
694
942
293
642
572
1
155
842
709
123
524
678
396
651
900
511
118
188
502
923
199
424
895
383
772
688
344
118
301
105
983
990
930
966
686
539
356
860
277
368
675
435
557
481
488
172
983
607
169
165
995
343
181
712
773
890
445
841
140
209
774
11
325
576
103
381
203
542
980
784
932
782
882
102
941
654
878
878
317
226
370
612
88
611
33
192
187
674
85
259
426
770
507
132
659
523
992
209
442
610
144
165
342
104
746
606
189
967
733
88
444
705
440
676
48
574
620
155
655
208
342
716
785
827
615
138
932
960
2
250
831
149
649
380
878
581
827
396
28
369
884
35
176
346
950
613
900
752
754
528
529
867
659
832
560
266
700
171
904
57
960
373
426
673
763
710
906
200
322
310
359
499
985
863
348
732
906
970
931
261
879
459
373
411
895
277
531
769
279
137
309
915
549
625
272
672
261
306
794
943
152
827
220
939
535
350
905
146
829
691
830
259
113
125
552
853
12
615
867
853
419
194
370
633
206
209
604
787
603
195
574
485
763
811
500
109
532
904
320
543
4
10
464
336
202
564
268
518
315
100
168
171
303
717
1000
205
628
166
154
496
744
530
347
582
701
587
49
805
939
952
222
979
944
643
680
894
988
602
928
450
603
578
88
988
172
783
17
794
722
454
793
369
513
481
382
143
322
209
872
13
267
144
122
252
46
209
484
622
272
889
756
931
527
630
275
427
397
339
172
85
434
983
705
987
748
514
796
332
379
391
317
126
148
179
626
945
886
505
931
165
754
636
722
